[array([[[186, 213, 255],
        [188, 213, 254],
        [193, 216, 255],
        ...,
        [214, 229, 255],
        [211, 226, 255],
        [212, 227, 255]],

       [[174, 198, 242],
        [191, 214, 255],
        [201, 223, 255],
        ...,
        [189, 207, 255],
        [189, 207, 255],
        [192, 210, 255]],

       [[184, 205, 248],
        [192, 211, 253],
        [188, 206, 246],
        ...,
        [167, 188, 251],
        [168, 189, 252],
        [171, 192, 255]],

       ...,

       [[141, 154,  74],
        [148, 161,  82],
        [147, 161,  84],
        ...,
        [116, 132,  67],
        [104, 119,  54],
        [128, 143,  76]],

       [[123, 136,  57],
        [121, 133,  57],
        [133, 146,  74],
        ...,
        [101, 120,  54],
        [ 86, 102,  37],
        [107, 123,  58]],

       [[ 97, 109,  33],
        [ 94, 106,  32],
        [121, 134,  64],
        ...,
        [126, 145,  81],
        [126, 142,  77],
        [132, 148,  83]]]), array([[[186, 212, 254],
        [188, 212, 254],
        [192, 216, 254],
        ...,
        [214, 229, 255],
        [211, 226, 255],
        [212, 227, 255]],

       [[174, 198, 242],
        [191, 214, 255],
        [201, 223, 255],
        ...,
        [189, 207, 255],
        [189, 207, 255],
        [192, 210, 255]],

       [[184, 205, 248],
        [192, 211, 253],
        [188, 206, 246],
        ...,
        [167, 188, 251],
        [168, 189, 252],
        [171, 192, 255]],

       ...,

       [[141, 154,  74],
        [148, 161,  82],
        [147, 161,  84],
        ...,
        [116, 132,  67],
        [104, 119,  54],
        [128, 143,  76]],

       [[123, 136,  57],
        [121, 133,  57],
        [133, 146,  74],
        ...,
        [101, 120,  54],
        [ 86, 102,  37],
        [107, 123,  58]],

       [[ 97, 109,  33],
        [ 94, 106,  32],
        [121, 134,  64],
        ...,
        [126, 145,  81],
        [126, 142,  77],
        [132, 148,  83]]]), array([[[186, 212, 254],
        [188, 212, 254],
        [192, 216, 254],
        ...,
        [214, 229, 255],
        [211, 226, 255],
        [212, 227, 255]],

       [[174, 198, 242],
        [191, 214, 255],
        [201, 223, 255],
        ...,
        [189, 207, 255],
        [189, 207, 255],
        [192, 210, 255]],

       [[184, 205, 248],
        [192, 211, 253],
        [188, 206, 246],
        ...,
        [167, 188, 251],
        [168, 189, 252],
        [171, 192, 255]],

       ...,

       [[141, 154,  74],
        [148, 161,  82],
        [147, 161,  84],
        ...,
        [116, 132,  67],
        [104, 119,  54],
        [128, 143,  76]],

       [[123, 136,  57],
        [121, 133,  57],
        [133, 146,  74],
        ...,
        [101, 120,  54],
        [ 86, 102,  37],
        [107, 123,  58]],

       [[ 97, 109,  33],
        [ 94, 106,  32],
        [121, 134,  64],
        ...,
        [126, 145,  81],
        [126, 142,  77],
        [132, 148,  83]]])]
